6096839692.047935
6096839692.047935
6096839692.047935
5574524582.933030
5574524582.933030
3390305917.639430
2002145557.303072
951910598.197041
568172817.589072
521606244.086545
371013411.204619
218350206.626760
218350206.626760
167539615.152792
165476868.926438
146939567.391280
124068173.456352
124068173.456352
113854146.374296
101678924.036356
87627439.428476
75109215.476348
52976685.901380
52976685.901380
41711000.841270
39919107.629381
39000764.811442
22814843.176841
16737210.985846
16737210.985846
15527433.455567
12978649.990566
10132251.809251
7730187.993093
7083011.837369
5914394.061842
5914394.061842
5914394.061842
5914394.061842
5784991.959320
5784991.959320
5784991.959320
5784991.959320
5350804.338591
5350804.338591
4920095.720015
4357804.127207
3528594.727727
1284395.257142
1284395.257142
1271943.396591
1198818.200147
1141750.337941
1028170.245313
521547.151743
521547.151743
521547.151743
410157.841150
374480.592033
357398.819853
206275.720639
163841.380871
150253.207802
141625.629937
141625.629937
141625.629937
140373.987255
139423.946559
51699.270978
51699.270978
45140.232545
42992.211168
42992.211168
39718.782488
37855.475636
36796.247181
36796.247181
35015.187963
35015.187963
35015.187963
34498.187458
34498.187458
34498.187458
32900.895578
32900.895578
32822.694254
30860.469920
30860.469920
29011.770213
28508.107652
28504.690123
28504.690123
28341.741514
28341.741514
28079.939608
28079.939608
27783.634437
27466.941098
27434.175482
27434.175482
27415.440446
27272.989514
27271.076750
27271.076750
27254.566922
27248.773256
27240.659727
27231.561234
27231.561234
27230.055398
27230.055398
27222.614046
27209.938656
27209.830612
27205.806364
27205.806364
27205.540064
27199.173278
27199.173278
27198.945363
27189.942649
27189.942649
27167.746867
27167.746867
27167.746867
27167.746867
27156.462067
27153.125811
27153.125811
27144.516514
27144.516514
27144.516514
27144.516514
27141.451591
27141.451591
27135.619349
27134.136114
27134.136114
27126.363090
27126.363090
27123.981580
27123.981580
27123.981580
27123.981580
27121.133229
27120.317732
27120.317732
27120.317732
27120.317732
27120.317732
27120.317732
27119.875624
27119.875624
27119.784840
27119.503726
27119.503726
27118.694900
27118.694900
27118.694900
27118.694900
27118.694900
27116.652231
27116.609403
27116.609403
27116.609302
27116.609302
27115.590085
27115.590085
27115.028164
27114.319742
27114.319742
27113.815142
27113.644893
27113.635227
27113.624183
27113.624183
27113.624183
27113.616478
27113.616478
27113.598774
27113.589877
27113.589877
27113.583557
27113.568307
27113.568307
27113.489087
27113.480849
27113.480849
27113.476551
27113.476551
27113.476551
27113.468568
27113.426608
27113.426608
27113.396304
27113.385336
27113.385336
27113.385336
27113.357283
27113.357283
27113.357283
27113.357283
27113.357283
27113.344595
27113.344595
27113.344595
27113.343306
27113.343306
27113.343274
27113.343274
27113.343274
27113.343274
27113.341097
27113.323638
27113.323638
27113.323638
27113.294654
27113.264473
27113.264473
27113.261919
27113.261919
27113.261919
27113.261919
27113.261919
27113.261792
27113.247281
27113.247281
27113.246941
27113.203670
27113.152833
27113.150283
27113.150283
27113.149452
27113.126263
27113.120152
27113.118970
27113.118970
27113.118970
27113.118970
27113.118100
27113.118100
27113.118100
27113.117925
27113.117925
27113.117925
27113.117925
27113.117925
27113.095800
27113.088256
27113.088256
27113.066263
27113.064030
27113.043912
27113.043912
27112.996047
27112.996047
27112.996047
27112.996047
27112.996047
27112.994983
27112.994983
27112.994983
27112.994983
27112.990642
27112.973499
27112.951095
27112.921822
27112.913879
27112.889418
27112.879624
27112.879324
27112.879324
27112.879324
27112.805909
27112.725608
27112.725608
27112.480535
27112.424438
27112.390591
27112.390591
27112.390591
27112.390591
27112.390591
27112.390591
27112.390591
27112.370803
27112.352831
27112.345026
27112.345026
27112.345026
27112.345026
27112.345026
27112.345026
27112.340236
27112.218352
27112.218352
27112.218352
27112.218352
27112.218352
27112.218352
27112.218352
27112.218352
27112.218352
27112.200070
27112.194935
27112.093699
27112.093699
27112.093699
27111.925161
27111.920203
27111.780295
27111.776982
27111.776982
27111.705020
27111.705020
27111.705020
27111.431043
27111.431043
27111.384936
27111.384936
27111.384936
27111.334901
27111.327508
27111.327508
27111.207068
27111.207068
27111.207068
27111.207068
27111.207068
27111.205337
27111.179615
27111.179615
27111.179615
27111.179615
27111.179615
27111.061644
27111.059445
27111.059445
27111.059445
27111.056008
27111.020400
27111.020400
27111.020400
27111.007355
27110.154760
27110.154760
27110.154760
27110.024058
27110.024058
27110.024058
27110.024058
27110.024058
27110.024058
27110.024058
27110.024058
27110.024058
27110.024058
27110.024058
27109.904952
27109.904952
27109.879134
27109.562296
27109.448576
27109.309366
27109.309366
27108.914198
27107.754799
27107.026999
27107.026999
27107.026999
27107.026999
27107.026999
27107.026999
27107.026999
27107.026999
27105.729712
27105.729712
27105.729712
27105.729712
27105.729712
27105.729712
27105.611732
27105.611732
27105.569414
27105.569414
27105.368908
27105.368908
27105.368908
27105.368908
27105.368908
27105.368908
27105.368908
27105.368908
27105.368908
27105.311563
27105.311563
27105.311563
27105.302495
27105.288742
27105.288742
27105.235398
27105.235398
27105.235398
27105.076331
27105.076331
27105.076331
27105.076331
27105.076331
27105.076331
27105.076331
27105.076331
27104.952778
27104.863218
27104.863218
27104.672520
27104.647138
27104.569787
27104.569787
27104.569787
27104.569787
27104.569787
27104.569787
27104.569787
27104.569787
27104.569787
27104.569787
27104.565733
27104.565733
27104.565733
27104.214899
27104.002037
27104.002037
27104.002037
27104.002037
27103.973671
27103.973671
27103.973671
27103.973671
27103.973671
27103.822650
27103.822650
27103.706982
27103.706982
27103.706982
27103.706982
27103.706982
27103.706982
27103.706982
27103.549073
27103.393497
27103.393497
27103.393497
27103.393497
27103.393497
27103.393497
27103.393497
27103.389296
27103.389296
27103.389296
27103.328007
27103.328007
27102.818581
27102.731244
27102.731244
27102.731244
27102.684024
27102.684024
27102.684024
27102.608361
27102.596966
27102.596966
27102.579562
27102.510679
27102.510679
27102.510679
27102.510679
27102.510679
27102.510679
27102.376246
27102.376246
27102.358923
27102.343354
27102.343354
27102.343354
27102.339743
27102.304267
27102.304267
27102.304267
27102.288757
27102.288757
27102.114597
27102.091665
27102.091665
27101.978102
27101.978102
27101.971109
27101.968674
27101.968674
27101.968674
27101.968674
27101.968285
27101.968285
27101.861323
27101.861323
27101.852073
27101.844909
27101.844909
27101.809149
27101.726777
27101.726777
27101.726777
27101.726777
27101.726777
27101.726777
27101.726023
27101.726023
27101.724977
27101.724977
27101.705731
27101.705731
27101.674396
27101.674396
27101.665775
27101.625278
27101.625278
27101.625278
27101.620199
27101.601679
27101.601679
27101.600366
27101.600366
27101.600366
27101.600366
27101.600366
27101.600366
27101.600366
27101.542503
27100.724527
27100.724527
27100.724527
27100.724527
27100.724527
27100.724527
27099.971207
27099.971207
27099.971207
27099.971207
27099.971207
27099.971207
27099.971207
27099.971207
27099.966084
27099.966084
27099.964336
27099.928945
27099.724650
27099.724650
27099.724650
27099.284224
27099.284224
27099.284224
27099.284224
27099.284224
27099.284224
27099.284224
27099.224180
27099.208799
27099.208799
27099.208799
27099.208799
27099.208799
27099.208799
27099.208799
27099.208039
27099.208039
27099.208039
27099.208039
27099.179227
27099.179227
27099.091600
27099.091600
27099.085275
27098.873310
27098.873310
27098.869001
27098.695246
27098.664770
27098.664770
27098.651189
27098.651189
27098.648401
27098.648401
27098.648401
27098.597786
27098.550489
27098.550489
27098.547044
27098.547044
27098.507186
27098.495473
27098.495473
27098.495473
27098.495473
27098.441728
27098.418832
27098.418832
27098.414675
27098.349161
27098.349161
27098.349161
27098.331566
27098.295288
27098.295288
27098.252468
27098.252468
27098.252468
27098.252468
27098.252468
27098.251730
27098.251730
27098.251730
27098.236133
27098.236133
27098.228988
27098.227831
27098.227831
27098.216214
27098.216214
27098.208771
27098.193727
27098.193727
27098.190693
27098.190693
27098.190340
27098.181779
27098.181779
27098.158816
27098.158816
27098.158816
27098.095958
27098.095958
27098.095958
27098.095958
27097.770961
27097.717498
27097.717498
27097.679816
27097.645483
27097.645483
27097.604413
27097.604413
27097.604413
27097.604413
27097.555055
27097.555055
27097.555055
27097.546337
27097.537666
27097.537666
27097.537666
27097.537666
27097.537666
27097.480765
27097.467104
27097.464148
27097.464148
27097.464148
27097.453738
27097.453738
27097.453738
27097.453738
27097.453738
27097.453738
27097.453738
27097.453738
27097.409952
27097.409952
27097.409537
27097.409537
27097.403665
27097.401671
27097.401671
27097.370567
27097.370567
27097.275118
27097.275118
27097.275118
27097.275118
27097.275006
27097.245283
27097.232782
27097.232782
27097.232782
27097.217291
27097.202957
27097.202957
27097.202957
27097.202957
27097.202957
27097.160317
27097.159525
27097.159525
27097.154881
27097.106635
27097.079300
27097.079300
27097.048601
27097.048601
27097.048601
27097.043972
27097.043972
27097.043972
27097.043972
27097.011462
27097.007197
27097.007197
27097.007197
27096.994079
27096.994079
27096.919472
27096.899904
27096.889954
27096.889954
27096.889954
27096.885602
27096.877855
27096.853656
27096.853656
27096.788339
27096.788339
27096.788339
27096.731906
27096.669310
27096.662932
27096.606759
27096.606759
27096.606759
27096.606759
27096.606759
27096.606759
27096.606759
27096.560913
27096.560913
27096.534808
27096.534808
27096.503801
27096.497787
27096.497787
27096.497738
27096.497578
27096.487490
27096.478879
27096.478879
27096.475731
27096.475731
27096.475731
27096.475731
27096.426873
27096.426873
27096.426873
27096.426873
27096.426873
27096.426873
27096.399365
27096.399365
27096.399365
27096.396494
27096.285463
27096.207505
27095.966918
27095.966918
27095.942758
27095.845628
27095.845628
27095.843811
27095.843811
27095.843811
27095.832321
27095.832321
27095.831593
27095.831593
27095.182156
27095.182156
27095.182156
27095.180424
27095.180424
27095.180424
27095.125019
27095.106947
27095.106947
27095.106947
27094.981842
27094.981842
27094.981842
27094.939035
27094.760642
27094.609800
27094.577565
27094.556184
27094.556184
27094.384541
27094.337771
27094.337771
27094.337771
27094.322670
27094.322670
27094.322670
27094.322670
27094.322670
27094.322670
27094.164211
27094.027176
27094.027176
27094.027176
27093.983043
27093.971189
27093.971189
27093.971189
27093.965262
27093.960929
27093.960820
27093.890619
27093.890099
27093.886608
27093.860757
27093.839605
27093.839605
27093.837320
27093.837320
27093.837320
27093.837320
27093.837320
27093.837320
27093.837320
27093.837320
27093.799114
27093.799114
27093.799114
27093.788354
27093.788354
27093.788354
27093.693079
27093.693079
27093.693079
27093.688723
27093.667999
27093.640989
27093.592310
27093.592310
27093.592310
27093.592310
27093.592310
27093.592310
27093.592310
27093.588804
27093.588339
27093.585752
27093.585752
27093.585752
27093.439247
27093.439247
27093.079838
27093.079838
27093.054567
27093.054567
27093.033077
27093.033077
27093.033077
27093.033077
27093.033077
27093.033077
27092.979474
27092.921017
27092.921017
27092.921017
27092.921017
27092.921017
27092.850030
27092.850030
27092.572201
27092.466045
27092.466045
27092.466045
27092.320362
27092.320362
27092.072862
27092.072862
27092.072862
27092.072862
27092.071882
27092.071882
27092.071882
27092.050091
27092.050091
27092.046494
27091.981658
27091.861893
27091.861893
27091.861893
27091.859705
27091.859705
27091.859705
27091.858011
27091.841144
27091.799376
27091.799376
27091.768353
27091.758960
27091.758960
27091.758960
27091.749917
27091.739127
27091.739127
27091.738483
27091.688152
27091.679931
27091.665864
27091.665864
27091.665864
27091.648615
27091.648615
27091.549546
27091.549546
27091.549546
27091.538987
27091.538987
27091.538987
27091.538987
27091.538987
27091.533562
27091.531269
27091.524565
27091.524565
27091.517821
27091.517821
27091.487420
27091.487420
27091.480584
27091.477163
27091.468759
27091.462758
27091.462758
27091.456046
27091.451020
27091.451020
27091.451020
27091.430024
27091.430024
27091.391261
27091.391261
27091.391261
27091.376206
27091.376206
27091.376206
27091.376206
27091.366766
27091.366766
27091.364245
27091.334946
27091.334946
27091.288866
27091.280577
27091.280577
27091.280577
27091.231250
27091.231250
27091.211349
27091.208374
27091.199367
27091.197704
27091.197704
27091.197704
27091.197704
27091.197704
27091.175362
27091.165210
27091.165210
27091.124293
27091.077813
27091.067017
27091.067017
27091.054761
27091.052984
27091.052984
27091.020245
27091.017153
27091.016874
27091.015847
27091.014419
27091.014419
27091.002515
27091.002515
27091.002515
27090.978149
27090.978149
27090.978149
27090.978149
27090.965051
27090.965051
27090.965051
27090.959269
27090.780978
27090.780978
27090.780978
27090.780978
27090.778716
27090.778716
27090.508530
27090.388190
27090.388190
27090.388190
27090.388190
27090.148007
27090.148007
27090.148007
27090.017011
27090.016334
27090.016334
27090.016334
27090.016334
27090.016334
27090.016334
27090.010225
27089.997482
27089.932007
27089.852282
27089.823512
27089.823512
27089.823512
27089.823512
27089.814988
27089.814988
27089.814988
27089.804308
27089.804308
27089.784536
27089.461596
27089.461596
27089.415353
27089.415353
27089.415353
27089.161167
27089.161167
27089.159397
27089.159397
27089.159397
27089.159397
27089.159397
27089.159397
27089.159397
27088.714931
27088.714931
27088.714931
27088.654117
27088.654117
27088.654117
27088.654117
27088.621771
27088.621771
27088.609916
27088.553395
27088.527501
27088.527501
27088.527501
27088.527501
27088.525809
27088.445490
27088.427158
27088.413897
27088.413897
27088.413897
27088.413897
27088.365450
27088.365450
27088.365450
27088.363488
27088.363283
27088.363283
27088.363283
27088.363283
27088.363283
27088.363283
27088.326169
27088.228413
27088.228413
27088.147743
27088.147743
27088.147743
27088.147743
27088.147743
27088.129650
27088.129650
27087.917139
27087.917139
27087.879975
27087.879975
27087.879975
27087.879975
27087.879975
27087.837907
27087.837907
27087.837907
27087.778373
27087.761538
27087.718556
27087.698555
27087.698242
27087.695595
27087.695595
27087.695595
27087.695595
27087.657480
27087.538156
27087.523503
27087.523503
27087.523503
27087.492369
27087.008680
27086.981601
27086.981601
27086.981601
27086.981601
27086.951015
27086.951015
27086.951015
27086.847522
27086.847522
27086.847522
27086.827825
27086.743200
27086.732051
27086.732051
27086.714698
27086.714698
27086.461498
27086.460358
27086.460358
27086.460358
27086.460358
27086.363304
27086.363304
27086.363304
27086.319360
27085.872495
27085.872495
27085.872495
27085.872495
27085.872495
27085.872495
27085.818619
27085.818619
27085.748393
27085.748393
27085.655338
27085.628648
27085.628648
27085.628648
27085.628648
27085.543381
27085.407612
27085.309905
27085.279804
27085.279804
27085.279804
27085.270858
27085.199193
27085.179336
27085.021218
27085.021218
27085.021218
27084.995676
27084.995676
27084.995676
27084.995676
27084.995676
27084.973779
27084.973779
27084.965761
27084.965761
27084.965761
27084.958455
27084.958455
27084.958455
27084.940368
27084.897429
27084.897429
27084.897429
27084.897429
27084.897429
27084.897429
27084.897429
27084.897429
27084.897429
27084.897429
27084.893367
27084.844736
27084.844736
27084.773157
27084.746297
27084.746297
27084.746297
27084.746297
27084.746297
27084.744180
27084.742990
27084.742990
27084.728798
27084.693293
27084.693293
27084.693293
27084.693293
27084.693293
27084.666470
27084.666470
27084.666470
27084.666470
27084.666470
27084.666470
27084.666470
27084.290348
27084.236539
27084.236539
27084.236539
27084.197998
27084.197998
27084.197998
27084.188423
27084.180888
27084.180888
27084.180313
27084.180313
27084.180313
27084.180313
27084.180313
27084.180313
27084.175201
27084.175201
27084.175201
27084.172281
27084.100641
27084.100641
27084.041902
27084.036722
27084.036722
27084.036722
27084.019925
27084.019477
27084.010483
27084.010483
27084.010483
27084.010483
27084.010483
27083.987007
27083.987007
27083.980344
27083.980344
27083.940880
27083.940880
27083.940880
27083.919996
27083.912884
27083.876704
27083.876062
27083.824712
27083.824712
27083.824712
27083.824712
27083.818796
27083.818796
27083.815536
27083.815536
27083.775991
27083.775991
27083.775991
27083.775991
27083.676081
27083.676081
27083.665096
27083.665096
27083.662430
27083.662430
27083.658718
27083.658718
27083.658718
27083.658718
27083.658718
27083.658718
27083.658718
27083.658718
27083.658718
27083.658718
27083.586311
27083.494009
27083.494009
27083.466062
27083.466062
27083.466062
27083.459157
27083.454337
27083.454337
27083.438704
27083.438704
27083.400242
27083.331536
27083.331536
27083.306728
27083.306728
27083.304118
27083.304118
27083.304118
27083.304118
27083.261088
27083.261088
27083.261088
27083.261088
27083.260405
27083.246018
27083.243410
27083.213497
27083.037548
27083.037548
27082.987057
27082.987057
27082.987057
27082.949309
27082.949309
27082.949309
27082.923538
27082.923538
27082.923538
27082.709060
27082.709060
27082.709060
27082.709060
27082.691746
27082.684421
27082.684421
27082.670243
27082.660606
27082.660606
27082.574720
27082.537780
27082.537780
27082.534190
27082.534190
27082.534190
27082.534190
27082.534190
27082.485497
27082.478674
27082.478674
27082.472040
27082.467574
27082.411637
27082.408252
27082.372231
27082.372231
27082.368082
27082.368082
27082.323831
27082.323831
27082.323831
27082.318273
27082.318273
27082.318273
27082.317205
27082.313363
27082.278246
27082.274396
27082.274396
27082.274396
27082.274396
27082.272530
27082.272530
27082.263789
27082.263789
27082.263789
27082.263789
27082.263789
27082.263789
27082.245162
27082.245162
27082.245162
27082.210408
27082.205156
27082.165071
27082.143875
27082.143875
27082.143875
27082.143875
27082.143875
27082.143875
27082.143875
27082.067715
27082.067715
27082.044275
27082.044275
27082.044275
27082.020314
27081.987607
27081.987607
27081.978895
27081.978895
27081.947425
27081.947425
27081.941395
27081.940891
27081.940891
27081.940891
27081.874523
27081.749669
27081.749669
27081.748963
27081.677852
27081.639200
27081.621543
27081.620247
27081.609515
27081.609515
27081.609515
27081.609223
27081.609223
27081.609223
27081.609223
27081.551543
27081.529055
27081.529055
27081.513098
27081.513098
27081.387548
27081.387548
27081.387548
27081.387548
27081.290902
27081.290902
27081.290902
27081.273507
27081.266807
27081.245957
27081.245957
27081.115377
27081.114118
27081.114118
27081.114118
27081.114118
27081.114118
27081.114118
27081.011961
27081.011961
27081.001217
27081.001217
27080.994721
27080.963549
27080.963549
27080.963549
27080.845993
27080.845993
27080.845993
27080.845993
27080.685646
27080.685646
27080.685646
27080.685012
27080.685012
27080.626796
27080.622255
27080.622255
27080.622255
27080.602177
27080.596951
27080.581791
27080.581791
27080.581791
27080.581791
27080.576649
27080.576649
27080.576649
27080.576649
27080.538541
27080.494062
27080.494062
27079.733361
27079.733361
27079.598128
27079.598128
27079.598128
27079.598128
27079.494089
27079.478067
27079.478067
27079.478067
27079.462851
27079.462249
27079.462249
27079.455856
27079.438390
27079.434837
27079.392184
27079.014382
27079.014382
27079.014382
27078.955418
27078.955418
27078.955418
27078.946185
27078.946185
27078.941814
27078.915553
27078.915553
27078.915553
27078.915553
27078.910174
27078.910174
27078.910174
27078.910174
27078.910174
27078.910174
27078.817601
27078.817601
27078.817601
27078.817601
27078.803652
27078.803652
27078.573801
27078.573801
27078.573801
27078.573801
27078.568868
27078.477383
27078.472802
27078.472802
27078.453630
27078.453630
27078.272826
27078.272826
27078.272826
27078.272826
27078.253991
27078.207539
27078.207539
27078.182031
27078.182031
27078.167108
27078.167108
27078.167108
27078.167108
27078.144249
27078.021367
27078.021367
27077.957554
27077.957554
27077.957554
27077.957554
27077.957554
27077.957554
27077.957554
27077.924372
27077.924372
27077.924372
27077.924372
27077.924372
27077.913311
27077.897069
27077.885865
27077.885865
27077.885865
27077.884886
27077.869523
27077.869523
27077.869523
27077.869523
27077.864517
27077.864517
27077.860613
27077.856490
27077.856490
27077.846772
27077.815290
27077.815290
27077.810439
27077.810439
27077.810439
27077.747342
27077.713247
27077.713247
27077.597500
27077.596428
27077.596428
27077.527448
27077.493137
27077.399792
27077.399792
27076.958473
27076.958473
27076.958473
27076.958473
27076.832777
27076.832777
27076.280284
27076.280284
27076.280284
27076.223135
27076.148399
27076.148399
27076.148399
27076.148399
27075.926538
27075.926538
27075.926538
27075.926538
27075.926538
27075.661519
27075.592404
27075.592197
27075.592197
27075.592197
27075.592197
27075.592197
27075.592197
27075.431892
27075.409302
27075.409302
27075.409302
27075.409302
27075.214010
27075.214010
27075.214010
27075.132035
27075.132035
27075.132035
27075.090058
27075.090058
27075.090058
27075.090058
27075.090058
27075.090058
27074.994685
27074.994685
27074.994685
27074.994685
27074.994685
27074.994685
27074.994685
27074.991366
27074.991366
27074.991366
27074.991366
27074.835984
27074.835984
27074.794322
27074.781648
27074.719725
27074.719725
27074.706871
27074.706871
27074.619319
27074.557230
27074.554527
27074.554527
27074.554527
27074.554527
27074.552010
27074.552010
27074.552010
27074.481667
27074.481667
27074.432601
27074.432601
27074.330343
27074.280640
27074.232429
27074.232429
27074.232429
27074.232429
27074.232429
27074.227456
27074.227456
27074.227456
27074.227456
27074.194229
27074.194229
27074.191467
27074.191467
27074.191467
27074.190586
27074.167056
27074.167056
27074.167056
27074.106364
27074.021208
27074.007101
27073.985851
27073.985851
27073.985851
27073.969418
27073.969418
27073.957918
27073.957918
27073.881117
27073.881117
27073.881117
27073.881117
27073.881117
27073.881117
27073.840764
27073.840764
27073.824236
27073.824236
27073.824236
27073.774283
27073.774283
27073.769056
27073.767738
27073.767738
27073.756270
27073.756270
27073.753164
27073.749300
27073.673610
27073.673610
27073.673610
27073.621363
27073.621363
27073.621363
27073.621363
27073.586460
27073.586460
27073.570601
27073.570601
27073.570601
27073.565868
27073.564452
27073.564452
27073.564452
27073.564414
27073.457723
27073.457723
27073.457723
27073.442650
27073.436068
27073.364072
27073.364072
27073.364072
27073.356457
27073.323010
27073.285736
27073.285736
27073.285736
27073.285736
27073.285736
27073.251709
27073.251709
27073.251709
27073.251709
27073.251709
27073.251709
27073.251509
27073.246051
27073.119718
27073.109725
27073.109725
27073.095378
27072.991346
27072.991346
27072.978732
27072.965618
27072.965618
27072.887956
27072.887956
27072.836708
27072.836708
27072.835142
27072.835142
27072.780007
27072.729024
27072.729024
27072.729024
27072.729024
27072.725369
27072.725369
27072.725369
27072.725369
27072.725369
27072.542982
27072.542982
27072.542982
27072.542982
27072.540862
27072.540862
27072.509211
27072.509211
27072.421229
27072.356150
27072.356150
27072.348376
27072.348317
27072.294966
27072.294966
27072.294966
27072.294966
27072.294966
27072.294966
27072.294966
27072.294966
27072.294966
27072.294966
27072.289134
27072.289134
27072.289134
27072.210771
27072.092754
27072.092754
27071.490273
27071.317656
27071.317656
27071.317656
27071.317656
27071.317656
27071.270191
27071.260287
27071.260287
27071.254943
27071.231473
27071.216567
27071.203433
27071.203433
27071.124863
27071.084298
27071.084298
27071.084298
27070.895205
27070.895205
27070.895205
27070.895205
27070.895205
27070.894115
27070.894115
27070.889304
27070.858239
27070.854938
27070.792494
27070.792494
27070.792494
27070.792494
27070.792494
27070.792494
27070.792494
27070.792494
27070.699524
27070.663527
27070.663527
27070.628131
27070.614791
27070.557753
27070.557753
27070.557753
27070.557753
27070.557753
27070.557753
27070.522844
27070.522844
27070.467768
27070.467768
27070.467768
27070.441933
27070.441933
27070.441933
27070.441933
27070.332204
27070.332204
27070.332204
27070.218418
27070.218418
27070.218418
27070.195103
27070.195103
27070.195103
27070.195103
27070.195103
27070.096473
27070.059105
27070.059105
27070.056901
27069.980639
27069.965427
27069.965427
27069.964752
27069.964752
27069.950289
27069.942785
27069.942785
27069.942785
27069.942785
27069.861949
27069.844168
27069.828775
27069.828775
27069.826906
27069.826906
27069.782492
27069.782492
27069.782492
27069.560718
27069.520503
27069.376511
27069.376511
27069.376511
27069.369000
27069.369000
27069.369000
27069.369000
27069.369000
27069.369000
27069.369000
27069.369000
27069.293047
27069.201923
27069.201923
27069.201923
27069.150566
27069.150566
27069.150566
27069.150566
27069.143408
27069.143408
27069.143408
27069.126304
27069.126304
27069.126304
27069.126304
27069.065294
27069.065294
27069.060552
27068.986568
27068.986568
27068.985978
27068.972239
27068.972239
27068.972239
27068.865667
27068.865667
27068.865667
27068.865667
27068.865667
27068.539822
27068.539822
27068.539822
27068.468104
27068.422435
27068.422435
27068.422435
27068.419513
27068.419513
27068.272972
27068.272972
27068.228515
27068.228515
27068.214036
27068.074598
27068.074598
27068.074598
27068.074598
27068.074598
27068.071979
27068.048089
27068.032672
27068.032672
27068.032672
27068.032672
27068.032672
27068.032672
27067.603531
27067.603531
27067.381020
27067.381020
27067.381020
27067.274612
27067.139250
27067.139250
27067.139250
27067.139250
27067.139250
27067.139250
27067.139250
27067.139250
27067.139250
27067.076830
27067.009603
27066.492206
27066.492206
27066.465659
27066.465659
27066.465659
27066.427778
27066.383425
27066.383425
27066.383425
27066.383425
27066.383425
27066.370069
27066.370069
27066.370069
27066.340614
27066.340614
27066.307761
27066.295100
27066.295100
27066.295100
27066.295100
27066.295100
27066.202441
27066.202441
27066.202441
27066.191387
27066.142917
27066.142917
27066.142917
27066.132138
27066.109217
27066.109217
27065.984786
27065.984786
27065.769514
27065.733312
27065.733312
27065.607367
27065.325042
27065.325042
27065.325042
27065.094389
27065.094389
27065.094389
27065.042480
27065.042480
27065.042480
27065.042480
27065.042480
27065.027462
27065.012299
27065.012299
27065.011017
27065.002684
27065.002252
27065.002252
27064.904925
27064.904925
27064.904925
27064.872178
27064.858071
27064.858071
27064.858071
27064.858071
27064.858071
27064.858071
27064.858071
27064.858071
27064.841621
27064.841621
27064.818876
27064.818876
27064.812161
27064.812161
27064.812161
27064.812161
27064.812161
27064.762077
27064.733837
27064.720089
27064.720089
27064.688334
27064.687063
27064.687063
27064.687063
27064.687063
27064.672730
27064.666837
27064.573556
27064.573556
27064.573556
27064.573556
27064.573556
27064.524842
27064.501141
27064.485804
27064.485804
27064.485804
27064.485804
27064.474316
27064.383012
27064.372609
27064.372609
27064.357645
27064.199177
27063.705533
27063.705533
27063.519686
27063.519686
27063.196217
27063.192973
27063.142178
27063.142178
27063.142178
27063.142178
27063.142178
27063.118570
27063.118570
27063.026983
27062.984586
27062.984586
27062.959589
27062.959589
27062.959589
27062.940107
27062.940107
27062.940107
27062.845239
27062.670300
27062.670300
27062.670300
27061.655228
27061.655228
27061.655228
27061.655228
27061.615475
27061.614943
27061.614943
27061.614943
27061.614943
27061.614923
27061.614923
27061.601662
27061.601662
27061.601662
27061.401670
27061.401670
27061.401670
27061.359042
27061.359042
27061.339739
27061.332151
27061.332151
27061.332151
27061.283756
27061.273381
27061.273381
27061.217904
27061.196128
27061.196128
27061.196128
27061.196128
27061.196128
27061.196128
27061.196128
27061.196128
27061.196128
27061.196128
27061.164618
27061.164618
27060.476739
27060.476739
27060.445472
27060.445472
27060.445472
27060.445472
27060.445472
27060.445472
27060.440452
27060.438299
27060.380655
27060.235529
27060.235529
27060.235529
27060.235529
27060.234839
27060.229890
27060.229890
27060.163840
27060.163840
27060.084767
27060.077700
27060.064991
27060.064991
27060.064991
27060.064991
27060.064991
27059.985394
27059.985394
27059.985394
27059.974802
27059.970878
27059.970878
27059.970878
27059.970878
27059.970878
27059.955120
27059.943189
27059.943189
27059.943189
27059.943189
27059.921840
27059.921840
27059.921840
27059.921840
27059.921840
27059.921840
27059.921840
27059.921840
27059.918468
27059.859314
27059.854193
27059.780591
27059.780591
27059.643358
27059.643358
27059.643358
27059.580337
27059.580337
27059.580337
27059.563102
27059.563102
27059.563102
27059.461754
27059.461754
27059.461754
27059.454442
27059.395526
27059.395526
27059.395526
27059.386905
27059.386905
27059.195589
27059.195589
27059.181218
27059.158387
27058.608630
27058.608630
27058.524368
27058.456194
27058.456194
27058.456194
27058.456194
27058.456194
27058.456194
27058.456194
27058.456185
27058.456185
27058.456185
27058.456185
27058.456185
27058.456185
27058.456185
27058.456185
27058.355709
27058.355709
27058.355709
27058.355709
27058.332329
27058.332329
27058.240535
27058.240535
27058.232813
27058.191061
27058.191061
27058.191061
27058.131889
27058.123345
27058.123345
27058.123345
27058.118091
27058.118091
27058.085066
27057.549379
27057.549379
27057.549379
27057.549379
27057.549379
27057.549379
27057.508808
27057.508808
27057.508808
27057.508808
27057.508808
27057.508808
27057.508808
27057.508808
27057.135713
27057.135713
27055.296849
27055.296849
27055.296849
27055.296849
27055.206278
27055.206278
27055.206278
27055.206278
27055.151874
27055.151874
27055.151874
27055.151874
27055.151874
27055.090050
27055.090050
27055.067067
27055.067067
27055.067067
27055.067067
27055.067067
27055.067067
27055.048830
27055.048830
27054.961673
27054.961673
27054.961673
27054.798010
27054.798010
27054.722760
27054.722760
27054.618853
27054.618853
27054.608663
27054.388130
27054.377984
27054.377984
27053.530977
27053.530977
27053.530977
27053.530977
27053.375859
27053.375859
27053.375859
27052.933621
27052.933621
27052.933621
27052.933621
27052.933621
27052.933621
27052.933621
27052.933621
27052.902805
27052.902805
27052.902805
27052.883469
27052.883469
27052.883469
27052.883469
27052.883469
27052.880608
27052.842778
27052.842778
27052.842778
27052.842778
27052.731941
27052.731941
27052.727701
27052.727701
27052.727701
27052.727701
27052.727701
27052.727701
27052.727701
27052.726175
27052.726175
27052.726175
27052.686660
27052.614874
27052.601669
27052.601669
27052.601669
27052.542095
27052.542095
27052.381916
27052.381916
27052.381916
27052.381916
27052.381916
27052.376718
27052.376718
27052.295782
27052.295782
27052.295782
27052.295782
27052.295208
27052.276490
27052.259444
27052.254087
27052.243789
27052.243043
27052.243043
27052.236883
27052.230456
27052.225616
27052.215824
27052.215824
27052.215824
27052.080904
27051.788886
27051.739762
27051.739762
27051.739762
27051.739762
27051.739762
27051.675606
27051.660859
27051.660859
27051.660859
27051.660859
27051.634143
27051.634143
27051.634143
27051.589863
27051.589863
27051.589863
27051.589863
27051.589863
27051.509394
27051.509394
27051.509394
27051.509394
27051.508184
27051.505777
27051.505777
27051.505777
27051.505777
27051.479226
27051.479226
27051.430519
27051.430519
27051.430519
27051.422095
27051.422095
27051.422095
27051.422095
27051.422095
27051.422095
27051.422095
27051.422095
27051.422095
27051.422095
27051.401001
27051.395203
27051.395203
27051.395203
27051.391623
27051.377291
27051.377291
27051.376016
27051.226525
27051.107719
27051.046110
27051.046110
27051.031564
27051.031564
27051.031564
27051.031564
27051.020367
27051.020367
27051.010008
27050.901324
27050.901324
27050.901324
27050.901324
27050.787771
27050.766419
27050.766419
27050.766419
27050.710546
27050.635964
27050.635964
27050.633878
27050.633878
27050.633878
27050.633878
27050.633878
27050.631908
27050.631908
27050.631908
27050.628184
27050.576027
27050.576027
27050.576027
27050.576027
27050.576027
27050.576027
27050.428373
27050.428373
27050.395714
27050.395714
27050.395714
27050.395714
27050.395714
27050.395714
27050.372931
27050.372931
27050.372931
27050.372931
27050.372931
27050.334600
27050.334600
27050.334600
27050.334476
27050.280049
27050.165494
27050.165494
27050.080612
27050.080612
27050.080612
27050.074240
27050.070538
27050.070538
27049.893798
27049.819411
27049.816279
27049.804946
27049.635464
27049.635464
27049.635464
27049.635464
27048.271026
27048.271026
27048.271026
27048.112648
27048.112648
27048.112648
27048.112648
27048.112648
27047.788515
27047.788515
27047.727228
27047.713155
27047.409029
27047.409029
27047.409029
27047.409029
27047.329327
27047.329327
27047.289437
27047.289437
27047.289437
27047.006920
27047.006920
27047.006920
27047.006920
27047.006920
27047.006920
27047.006920
27047.006920
27047.006920
27047.006920
27047.006920
27047.006920
27047.000991
27047.000991
27046.877072
27046.877072
27046.877072
27046.675851
27046.675851
27046.675851
27046.674799
27046.674799
27046.674799
27046.660463
27046.631793
27046.617849
27046.617849
27046.616181
27046.578092
27046.578092
27046.578092
27046.577249
27046.475817
27046.475817
27046.475817
27046.475817
27046.346227
27046.346227
27046.337061
27046.209893
27046.155550
27046.155550
27046.155550
27046.155550
27046.155530
27046.155530
27046.155530
27046.155530
27046.116058
27045.920113
27045.504291
27045.504291
27045.504291
27045.504291
27045.504291
27045.504291
27045.504291
27045.504291
27045.504291
27045.504291
27044.527260
27044.527260
27044.527260
27044.527260
27044.527260
27044.527260
27044.527260
27044.438536
27044.419699
27044.419699
27044.419699
27044.419699
27044.419699
27044.399092
27044.354573
27044.354573
27044.309291
27044.296383
27044.200951
27044.100364
27044.071470
27044.071470
27044.071470
27044.070358
27044.070358
27044.070358
27044.059817
27044.059817
27044.059817
27044.037067
27044.034298
27043.945743
27043.929206
27043.928006
27043.907327
27043.907327
27043.907327
27043.907327
27043.907327
27043.907327
27043.875461
27043.875461
27043.875461
27043.875461
27043.741943
27043.741943
27043.723510
27043.723510
27043.599590
27043.486835
27043.486835
27043.486835
27043.484608
27043.484608
27043.484608
27043.484608
27043.484608
27043.481978
27043.481978
27043.481978
27043.481978
27043.434148
27043.400553
27043.400553
27043.400553
27043.396572
27043.396572
27043.396572
27043.361617
27043.361617
27043.343441
27043.323870
27043.323870
27043.323870
27043.323870
27041.381785
27041.381785
27041.381785
27041.381785
27041.381785
27041.381785
27041.078527
27041.078527
27041.078527
27041.078527
27041.078527
27041.078527
27041.078527
27041.078527
27041.059751
27041.059751
27040.880283
27040.880283
27040.210449
27040.210449
27040.210449
27040.210449
27040.210449
27040.210449
27040.210449
27040.210449
27040.210449
27040.210449
27040.112555
27040.112555
27039.894859
27039.894859
27039.894859
27039.894859
27039.894859
27039.894859
27039.894859
27039.894859
27039.894859
27039.894859
27039.894859
27039.894859
27039.894859
27039.894859
27039.744731
27039.744731
27039.744731
27039.744731
27039.082587
27039.082587
27039.082587
27039.082587
27039.082587
27038.525525
27038.525525
27038.334702
27038.334702
27038.334702
27038.288673
27038.288673
27035.060425
27035.060425
27035.060425
27035.060425
27035.060425
27035.060425
27035.060425
27035.060425
27034.372233
27034.259023
27034.259023
27034.259023
27034.259023
27033.677001
27033.677001
27033.677001
27033.677001
27033.677001
27033.677001
27033.677001
27033.677001
27033.677001
27033.677001
27033.677001
27033.677001
27033.677001
27033.677001
27033.677001
27033.592604
27033.592604
27033.592604
27033.592604
27033.592604
27033.550971
27033.550971
27033.550971
27033.550971
27033.550971
27033.550971
27033.550971
27033.550971
27033.457463
27033.446173
27033.294920
27033.261048
27033.261048
27033.261048
27033.261048
27033.261048
27033.261048
27033.261048
27033.261048
27033.261048
27033.261048
27033.134699
27033.134699
27033.134699
27033.134699
27033.122412
27033.122255
27033.120435
27033.120435
27033.120435
27033.120435
27033.120435
27033.120435
27033.067720
27033.067720
27033.067720
27033.057952
27033.057952
27033.012687
27033.012687
27033.012687
27033.012687
27033.008338
27032.983764
27032.948793
27032.948793
27032.948793
27032.948793
27032.918463
27032.918463
27032.918463
27032.895936
27032.894608
27032.894608
27032.885850
27032.885850
27032.885850
27032.855393
27032.855393
27032.855393
27032.855393
27032.357306
27032.357306
27032.319739
27032.319739
27032.319739
27032.319739
27032.319739
27032.297725
27032.297725
27032.297725
27032.297725
27032.287947
27032.287947
27031.971269
27031.971269
27031.922795
27031.922795
27031.922795
27031.607726
27031.607726
27031.539725
27031.539725
27031.539725
27031.519495
27031.513757
27031.513757
27031.505276
27031.504280
27031.504280
27031.504280
27031.504280
27031.503413
27031.496657
27031.464776
27031.464776
27031.244009
27031.244009
27031.244009
27031.244009
27031.118774
27031.118774
27031.118774
27031.118774
27031.117285
27031.117285
27031.117285
27031.117285
27031.114163
27031.114163
27031.114163
27031.086251
27031.086251
27031.040298
27031.040298
27031.040298
27031.040298
27031.040298
27031.040298
27031.040298
27030.989411
27030.861600
27030.861600
27030.861600
27030.788485
27030.788485
27030.788485
27030.788485
27030.788485
27030.788485
27030.788485
27030.788485
27030.788485
27030.761662
27030.761662
27030.761662
27030.426657
27030.426657
27030.426657
27030.195757
27030.144897
27030.144897
27030.142278
27030.115252
27030.115252
27030.084044
27030.018262
27030.018262
27030.018262
27030.018262
27029.984454
27029.638597
27029.638597
27029.638597
27029.638597
27029.629466
27029.392554
27029.392554
27029.392554
27029.392554
27029.374181
27029.374181
27029.322798
27029.322798
27029.308413
27029.308413
27029.263778
27029.263778
27029.263778
27029.263778
27029.263778
27029.263778
27029.131853
27029.131853
27029.131853
27029.131853
27029.131853
27029.127417
27029.127417
27029.126556
27029.084786
27029.065564
27029.065564
27029.065564
27029.065564
27029.065564
27029.065564
27029.065564
27029.065564
27029.065564
27029.038938
27029.038938
27029.038938
27029.038938
27028.898665
27028.898665
27028.898665
27028.889017
27028.888166
27028.861599
27028.861599
27028.833553
27028.833553
27028.833553
27028.833553
27028.833553
27028.833553
27028.829775
27028.790372
27028.790372
27028.767237
27028.767237
27028.760940
27028.753494
27028.711756
27028.673064
27028.673064
27028.629221
27028.526312
27028.526312
27028.523222
27028.523222
27028.523222
27028.523222
27028.462281
27028.462281
27028.462281
27028.462281
27028.402758
27028.402758
27028.402758
27028.379861
27028.372521
27028.346283
27028.346283
27028.335437
27028.335437
27028.335437
27028.335437
27028.335437
27028.332468
27028.332468
27028.322061
27028.322061
27028.141798
27028.141798
27028.141798
27028.141798
27028.141798
27028.141798
27028.141798
27028.141798
27028.141798
27028.118786
27028.118786
27028.118786
27028.115017
27028.114833
27028.076093
27028.064388
27028.064388
27028.046681
27028.046681
27027.993641
27027.993641
27027.966413
27027.966413
27027.848804
27027.848804
27027.798358
27027.792185
27027.792185
27027.722891
27027.717664
27027.717664
27027.717664
27027.717664
27027.616485
27027.616485
27027.616485
27027.616485
27027.609541
27027.607590
27027.607590
27027.570486
27027.570486
27027.570486
27027.567251
27027.567251
27027.559598
27027.409975
27027.409975
27027.409616
27027.409616
27027.387220
27027.385475
27027.385475
27027.333234
27027.333234
27027.333234
27027.333234
27027.333234
27027.333234
27027.333234
27027.332665
27027.332665
27027.332665
27027.332665
27027.332665
27027.292604
27027.292604
27027.292604
27027.288446
27027.288446
27027.282907
27027.224032
27027.197928
27027.197928
27027.096645
27027.096645
27027.096645
27027.025515
27026.983022
27026.695919
27026.695919
27026.695919
27026.690378
27026.690378
27026.690378
27026.669803
27026.667620
27026.583641
27026.548946
27026.548946
27026.548946
27026.537781
27026.536529
27026.533274
27026.533274
27026.533274
27026.527375
27026.527375
27026.527375
27026.525070
27026.525070
27026.525070
27026.525070
27026.525070
27026.525070
27026.525070
27026.524999
27026.524999
27026.524999
27026.524999
27026.505254
27026.504097
27026.312636
27026.312636
27026.293909
27026.293909
27026.293909
27026.188224
27026.019996
27026.019996
27025.938954
27025.938954
27025.938954
27025.938954
27025.938954
27025.938954
27025.938954
27025.938954
27025.938954
27025.938954
27025.772375
27025.749094
27025.723592
27025.711549
27025.711549
27025.711549
27025.711549
27025.706512
27025.706512
27025.706512
27025.706512
27025.706512
27025.693695
27025.690512
27025.687362
27025.687362
27025.641368
27025.553087
27025.553087
27025.553087
27025.539199
27025.526977
27025.300824
27025.208337
27024.932788
27024.932788
27024.822164
27024.822164
27024.822164
27024.822164
27024.822164
27024.821673
27024.808841
27024.808841
27024.808841
27024.769612
27024.769612
27024.763398
27024.763398
27024.744484
27024.744484
27024.744484
27024.744484
27024.744193
27024.744193
27024.744193
27024.744193
27024.733495
27024.716358
27024.715939
27024.715939
27024.715939
27024.715315
27024.697042
27024.697042
27024.670115
27024.670115
27024.481408
27024.481408
27024.481408
27024.481408
27024.388264
27024.388264
27024.388264
27024.388264
27024.317211
27024.257719
27024.257719
27024.223756
27024.223179
27024.219735
27024.219735
27024.219735
27024.219735
27024.219735
27024.219322
27024.219322
27024.219322
27024.157566
27024.157566
27024.157566
27024.156766
27024.156504
27024.142196
27024.063165
27024.002404
27023.661387
27023.326703
27023.326703
27023.326703
27023.183709
27023.183709
27023.183709
27023.183709
27023.183709
27023.183709
27023.183709
27023.177635
27023.177635
27023.177635
27023.171016
27022.942097
27022.942097
27022.833272
27022.796747
27022.694300
27022.694300
27022.694300
27022.694300
27022.694300
27022.694300
27022.694300
27022.471111
27022.471111
27022.471111
27022.471111
27022.471111
27022.471111
27022.468198
27022.467862
27022.461475
27022.454909
27022.454909
27022.454909
27022.453294
27022.453294
27022.453294
27022.453294
27022.453294
27022.424408
27022.424408
27022.410355
27022.404554
27022.404554
27022.402234
27022.389809
27022.376578
27022.376578
27022.191314
27022.146438
27022.146438
27022.146438
27022.146096
27022.140050
27022.117304
27022.117304
27022.099522
27022.099522
27022.099522
27022.022218
27022.022218
27022.020024
27022.018047
27022.018047
27022.017073
27022.001343
27022.001343
27022.001343
27022.001343
27022.001343
27022.001343
27021.863277
27021.858547
27021.840443
27021.840443
27021.840443
27021.840443
27021.834246
27021.830912
27021.827254
27021.827254
27021.815347
27021.782076
27021.711242
27021.694682
27021.683306
27021.677897
27021.677897
27021.677897
27021.674355
27021.633955
27021.633955
27021.633955
27021.633955
27021.633955
27021.633955
27021.633955
27021.594485
27021.490465
27021.490465
27021.477807
27021.477807
27021.477807
27021.431337
27012.647910
27012.647910
27012.647910
27012.647910
27012.647910
27012.647910
27012.410119
27012.410119
27012.410119
27012.410119
27012.410119
27012.410119
27012.410119
27012.410119
27012.410119
27012.410119
27012.410119
27012.410119
27012.410119
27012.410119
27012.410119
27012.410119
27012.410119
27012.410119
27012.410119
27012.410119
27012.410119
27012.410119
27012.410119
27010.900996
27010.737121
27010.737121
27010.737121
27010.608605
27010.608605
27010.608605
27010.608605
27010.608605
27009.963345
27009.963345
27009.963345
27009.963345
27009.963345
27009.662482
27008.189269
27008.189269
27008.189269
27008.189269
27008.189269
27008.005415
27008.005415
27008.005415
27007.959977
27007.959977
27007.959977
27007.838179
27007.819350
27007.819350
27007.819350
27007.819350
27007.819350
27007.819350
27007.803266
27007.803266
27007.803266
27007.803266
27007.803266
27007.803266
27007.803266
27007.803266
27007.790938
27007.790938
27007.790938
27007.790938
27007.790938
27007.790938
27007.763995
27007.763995
27007.763995
27007.763995
27007.762962
27007.762852
27007.761468
27007.761468
27007.695825
27007.695825
27007.695825
27007.589712
27007.589712
27007.589712
27007.589712
27007.589712
27007.589712
27007.589712
27007.589712
27007.589712
27007.550927
27007.550927
27007.512906
27007.512906
27007.512906
27007.512906
27007.512906
27007.280788
27007.280788
27007.280788
27007.214026
27007.166431
27007.166431
27007.158530
27007.158530
27007.137638
27007.137638
27007.137638
27007.038941
27007.026964
27007.026964
27007.026964
27007.026964
27007.019549
27007.005067
27007.005067
27006.984198
27004.981228
27004.981228
27001.777195
27001.777195
27001.777195
27001.777195
27001.351743
27001.351743
27001.318956
27001.318956
27001.318956
27001.318956
27001.318956
27001.318956
27001.318956
27001.318956
27000.906076
27000.906076
27000.906076
27000.906076
27000.906076
27000.906076
27000.906076
27000.906076
27000.819629
27000.819629
27000.819629
27000.819629
27000.819629
27000.819629
27000.819629
27000.819629
27000.790303
27000.790303
27000.790303
27000.790303
27000.790303
27000.790303
27000.790303
27000.790303
27000.790303
27000.790303
27000.790303
27000.790303
27000.790303
27000.790303
27000.790303
27000.790303
26999.776390
26999.776390
26999.776390
26999.301171
26999.301171
26999.097519
26999.097519
26999.097519
26999.097519
26999.097519
26999.097519
26999.096226
26999.031790
26995.827193
26995.827193
26995.827193
26995.827193
26993.447141
26993.447141
26993.447141
26993.447141
26993.447141
26993.447141
26993.447141
26992.831320
26992.669311
26992.669311
26992.669311
26992.502161
26992.502161
26992.502161
26992.502161
26992.502161
26992.502161
26992.502161
26992.502161
26992.470189
26992.469616
26992.469616
26992.469616
26992.469616
26992.469616
26992.469616
26992.469616
26992.469616
26992.469616
26992.469616
26992.467257
26992.467257
26992.467257
26992.467257
26992.467257
26992.458860
26992.449307
26992.449307
26992.449307
26992.449307
26992.449307
26992.449307
26992.449307
26992.449307
26992.449307
26992.449307
26992.449307
26992.449307
26992.449307
26992.449307
26992.449307
26992.449307
26992.449307
26992.441887
26992.441887
26992.441887
26992.441887
26992.441887
26992.428412
26992.428412
26992.428412
26992.428412
26992.428412
26992.377812
26992.377812
26992.377812
26991.535209
26991.535209
26991.535209
26990.235879
26990.235879
26990.235879
26990.235879
26990.235879
26990.009386
26990.009386
26990.009386
26989.345390
26989.345390
26989.345390
26989.345390
26989.345390
26989.343643
26989.335817
26989.335817
26989.335817
26989.335817
26989.334452
26989.334452
26989.334452
26989.334452
26989.334452
26989.334452
26989.334452
26989.334452
26989.334452
26989.334452
26989.334452
26989.334452
26989.334452
26989.334452
26989.334452
26989.334452
26989.334452
26989.174359
26989.173387
26989.173387
26989.156731
26989.156731
26989.156731
26989.156731
26989.156731
26989.156731
26989.156731
26989.156731
26989.156731
26989.156731
26989.156731
26989.156731
26989.156731
26989.154884
26989.068558
26988.892912
26988.892912
26988.892912
26988.872467
26988.872467
26988.803051
26988.798819
26988.798819
26988.798819
26988.798819
26988.798819
26988.798819
26988.779038
26988.764442
26988.759066
26988.759066
26988.759066
26988.759066
26988.759066
26988.759066
26988.631780
26988.631780
26988.631780
26988.631780
26988.631780
26988.631780
26988.631780
26988.458269
26988.458269
26988.458269
26988.458269
26988.458269
26988.458269
26988.458269
26988.458269
26988.458269
26988.458269
26988.458269
26988.458269
26988.458269
26988.365591
26988.365591
26988.351869
26988.351869
26988.349516
26988.298757
26988.189177
26988.189177
26988.186607
26988.151634
26988.151634
26988.151252
26988.151252
26988.151252
26988.151252
26988.151252
26988.151252
26988.151252
26988.098228
26988.088584
26988.056299
26988.056299
26988.052386
26988.029104
26988.029104
26987.988508
26987.988508
26987.988508
26987.988508
26987.988508
26987.962365
26987.962365
26987.962365
26987.904660
26987.904660
26987.904660
26987.904660
26987.904660
26987.904660
26987.904660
26987.904660
26987.904660
26987.904660
26987.904660
26987.904660
26987.846403
26987.846403
26987.846403
26987.730619
26987.710613
26987.710613
26987.710613
26987.710613
26987.710613
26987.691125
26987.691125
26987.669988
26987.669728
26987.668951
26987.668951
26987.667643
26987.667643
26987.666082
26987.666082
26987.666082
26987.659568
26987.659568
26987.659568
26987.659568
26987.659545
26987.655935
26987.655935
26987.655935
26987.655935
26987.652991
26987.643844
26987.643844
26987.639487
26987.569557
26987.569557
26987.562171
26987.557589
26987.549634
26987.516565
26987.511695
26987.511695
26987.511695
26987.511695
26987.511695
26987.511695
26987.511695
26987.504497
26987.503815
26985.493074
26985.493074
26985.241062
26985.241062
26985.241062
26985.241062
26985.227308
26985.227308
26985.227308
26985.227308
26985.227308
26985.210649
26985.191527
26985.191527
26985.191527
26985.191527
26985.183022
26985.183022
26985.167022
26985.167022
26985.167022
26985.167022
26985.167022
26985.167022
26985.167022
26985.167022
26985.114190
26985.114190
26985.114190
26985.114190
26985.114190
26985.113984
26985.113984
26985.097081
26985.097081
26985.097081
26985.097081
26985.097081
26985.097081
26985.097081
26985.097081
26984.232083
26984.232083
26984.232083
26984.232083
26984.232083
26983.967162
26983.967162
26983.967162
26983.961722
26983.961722
26983.961722
26983.961722
26983.572139
26983.517758
26983.467618
26983.280830
26983.280830
26983.280830
26983.236438
26983.205023
26983.205023
26983.184291
26983.184291
26983.183819
26983.183819
26983.177864
26983.064253
26983.064253
26983.001264
26983.001264
26983.001264
26983.001264
26983.001264
26983.001264
26975.888511
26975.888511
26975.888511
26975.888511
26975.888511
26975.888511
26975.888511
26975.736990
26975.736990
26975.736990
26975.736990
26975.736990
26975.736990
26975.736990
26975.736990
26975.736990
26975.736990
26974.975013
26974.975013
26974.975013
26974.975013
26974.975013
26974.318040
26974.318040
26974.318040
26974.318040
26974.318040
26974.318040
26974.259094
26974.259094
26974.259094
26974.259094
26974.211402
26974.211402
26974.211402
26974.211402
26974.200634
26974.200634
26974.200634
26974.200634
26974.200634
26974.200495
26974.200495
26974.200495
26974.200495
26974.200495
26974.196633
26974.196633
26974.196633
26974.196633
26974.196633
26974.196633
26974.196633
26974.193912
26974.193244
26974.027888
26974.027888
26974.027888
26974.027888
26974.027888
26974.027888
26974.027888
26974.027888
26974.027735
26974.027735
26973.926534
26973.900942
26973.900942
26973.880276
26973.864195
26973.864195
26973.864195
26973.750310
26973.750310
26973.731801
26973.731801
26973.731801
26973.731801
26973.669544
26973.669544
26973.669544
26973.661830
26973.661830
26973.661830
26973.661830
26973.661830
26973.661830
26973.661830
26973.661830
26973.623552
26973.623552
26973.623552
26973.623552
26973.623552
26973.553193
26973.553193
26973.553193
26973.553193
26973.553193
26973.553193
26973.553193
26973.553193
26973.538729
26973.538729
26973.538729
26973.533874
26973.525066
26973.192378
26973.192378
26973.192378
26973.192378
26973.192378
26973.187074
26972.979210
26972.979210
26972.948728
26972.948728
26972.948728
26972.948728
26972.940791
26972.940791
26972.940791
26972.940791
26972.910280
26972.910280
26972.910280
26972.906567
26972.906567
26972.906567
26972.906567
26972.906567
26972.905393
26972.905393
26972.904257
26972.904257
26972.900796
26972.898189
26972.898189
26972.849092
26972.849092
26972.845396
26972.845396
26972.845396
26972.845396
26972.845396
26972.820225
26972.790389
26972.790389
26972.790389
26972.787634
26972.787634
26972.779304
26972.779304
26972.779304
26972.779304
26972.779304
26972.779304
26972.753185
26972.721783
26972.721783
26972.721783
26972.721783
26972.721783
26972.663897
26972.663897
26972.663897
26972.560462
26972.560462
26972.560462
26972.498840
26972.498840
26972.486707
26972.486707
26972.485953
26972.485953
26972.482098
26972.482098
26972.475418
26972.475418
26972.475418
26972.475418
26972.451996
26972.451996
26972.451996
26972.444801
26972.444801
26972.444801
26972.396801
26972.396801
26972.396801
26972.396801
26972.389938
26972.389938
26972.389938
26972.386929
26972.386929
26972.378773
26972.378773
26972.378026
26972.378026
26972.377425
26972.377425
26972.364971
26972.364971
26972.364971
26972.362738
26972.362738
26972.362738
26972.342859
26972.342859
26972.339631
26972.322121
26972.221498
26972.221498
26972.211127
26971.878841
26971.878841
26971.801721
26971.801721
26971.801721
26971.755750
26971.637425
26971.637425
26971.637425
26971.424750
26971.424750
26971.424750
26971.424750
26971.343451
26971.325268
26971.325268
26971.325268
26971.274344
26971.274344
26971.274344
26971.274344
26971.274344
26971.274344
26971.274344
26971.274344
26971.206619
26971.206619
26971.099871
26971.099871
26971.096938
26971.096938
26971.096938
26971.079353
26970.985844
26970.985844
26970.985844
26970.985844
26970.985844
26970.958081
26970.958081
26970.923751
26970.923751
26970.867022
26970.867022
26970.867022
26970.859739
26970.859739
26970.859739
26970.841974
26970.838650
26970.827989
26970.827989
26970.827989
26970.827989
26970.827989
26970.821733
26970.800013
26970.800013
26970.800013
26970.800013
26970.756776
26970.750779
26970.750779
26970.750779
26970.729140
26970.591173
26970.544280
26970.544280
26970.544280
26970.544280
26970.534945
26970.520632
26970.520632
26970.520632
26970.520632
26970.470169
26970.470169
26970.470169
26970.470169
26970.455441
26970.455441
26970.454895
26970.454895
26970.439757
26970.434899
26970.426990
26970.426990
26970.426990
26970.426960
26970.410342
26970.410342
26970.408652
26970.371136
26970.367226
26970.367226
26970.359777
26970.359777
26970.359777
26970.359777
26970.354620
26970.354620
26970.353922
26970.353922
26970.344425
26970.344425
26970.344425
26970.297181
26970.297181
26970.295863
26970.295863
26970.295863
26970.294538
26970.220802
26970.220802
26970.220802
26970.220802
26970.174700
26970.174700
26970.169360
26970.163639
26970.162760
26970.162127
26970.158897
26970.127768
26970.084012
26970.084012
26970.060871
26970.060871
26969.987209
26969.987209
26969.908452
26969.903922
26969.903922
26969.900164
26969.884278
26969.884278
26969.872407
26969.867891
26969.867891
26969.867891
26969.867891
26969.867891
26969.867891
26969.861365
26969.833411
26969.833411
26969.833411
26969.833411
26969.829359
26969.825486
26969.825486
26969.820741
26969.820741
26969.820741
26969.820737
26969.815665
26969.815665
26969.815665
26969.815665
26969.807266
26969.790035
26969.790035
26969.781149
26969.781149
26969.781149
26969.776065
26969.765924
26969.765924
26969.755114
26969.755114
26969.755114
26969.712240
26969.639129
26969.622703
26969.622703
26969.622703
26969.622703
26969.622703
26969.621231
26969.612318
26969.575697
26969.575697
26969.575697
26969.575697
26969.552985
26969.552985
26969.552985
26969.552985
26969.552985
26969.518616
26969.518616
26969.443622
26969.443622
26969.443622
26969.434809
26969.434809
26969.369978
26969.369978
26969.074704
26969.054137
26969.054137
26969.054137
26969.054137
26969.029051
26969.001902
26968.970879
26968.970879
26968.961164
26968.961164
26968.961164
26968.961164
26968.921979
26968.921979
26968.900041
26968.900041
26968.900041
26968.900041
26968.877044
26968.877044
26968.877044
26968.868464
26968.839796
26968.839116
26968.786927
26968.764278
26968.726942
26968.691991
26968.691991
26968.656950
26968.646544
26968.646544
26968.646544
26968.646544
26968.646544
26968.646544
26968.646544
26968.646544
26968.646544
26968.612127
26968.604720
26968.604720
26968.604720
26968.604720
26968.604720
26968.590268
26968.590268
26968.590268
26968.590268
26968.590268
26968.590268
26968.575190
26968.575190
26968.575190
26968.569951
26968.569951
26968.569951
26968.564190
26968.562939
26968.562939
26966.618723
26966.618723
26966.618723
26964.652062
26964.652062
26964.241628
26964.241628
26964.241628
26964.241628
26964.241628
26964.241628
26964.241628
26964.241628
26964.212493
26964.212493
26964.212493
26964.212493
26964.212493
26964.212493
26964.212493
26964.092455
26964.092455
26964.092455
26964.092455
26964.092455
26964.092455
26964.092455
26964.092455
26964.092455
26964.092455
26964.092455
26964.092455
26964.092455
26964.092455
26964.092455
26964.092455
26964.092455
26964.087061
26964.085997
26964.067287
26964.041447
26964.041447
26964.041447
26964.041447
26964.041447
26963.995901
26963.094569
26963.094569
26963.094569
26963.094569
26963.094569
26963.094569
26958.234503
26958.234503
26958.234503
26958.234503
26958.234503
26958.234503
26958.234503
26958.234503
26955.146015
26955.146015
26955.146015
26955.146015
26955.146015
26955.146015
26955.146015
26955.146015
26955.146015
26955.146015
26955.085291
26955.085291
26955.085291
26955.085291
26955.085291
26955.026939
26955.026939
26955.026939
26955.026939
26955.026939
26954.903568
26954.903568
26954.903568
26954.903568
26954.903568
26954.903568
26954.903568
26954.903568
26954.903568
26954.835330
26954.820293
26954.820293
26954.820293
26954.820293
26954.484446
26954.484446
26954.484446
26954.484446
26954.484446
26954.484446
26954.484446
26954.420361
26954.405622
26954.405622
26954.378763
26954.275645
26954.062522
26954.062522
26953.918845
26953.918845
26953.918845
26953.787513
26953.577348
26953.577348
26953.577348
26953.577348
26953.577348
26953.577348
26953.577348
26953.577348
26953.577348
26953.577348
26953.577348
26953.577348
26953.577348
26953.577348
26953.577348
26953.577348
26953.109371
26953.109371
26953.109371
26953.109371
26953.109371
26953.088145
26953.088145
26953.088145
26953.088145
26953.082903
26953.082903
26953.077385
26953.077385
26953.077385
26953.016720
26953.016720
26953.016720
26952.912758
26952.912758
26952.910707
26952.867110
26952.867110
26952.867110
26952.867110
26952.867110
26952.837289
26952.837289
26952.837289
26952.759642
26952.759642
26952.719339
26952.719339
26952.709665
26952.709665
26952.709665
26952.699105
26952.699105
26952.698970
26952.327660
26952.327660
26952.327660
26952.327660
26952.227835
26952.227835
26950.392987
26950.392987
26950.392987
26950.392987
26950.392987
26950.392987
26950.392987
26950.392987
26950.392987
26950.392987
26950.392987
26950.392987
26950.321550
26950.284341
26950.284341
26950.284341
26950.284341
26950.284341
26950.284341
26950.284341
26950.284341
26950.284341
26950.268022
26950.268022
26950.268022
26950.268022
26950.219066
26950.219066
26950.219066
26949.096094
26949.096094
26949.096094
26949.096094
26949.096094
26949.096094
26949.048762
26949.048762
26949.047108
26949.047108
26949.047108
26949.047108
26949.047108
26949.047108
26949.047108
26949.047108
26949.032131
26949.030075
26949.022903
26949.022903
26949.010706
26948.999108
26948.999108
26948.986348
26948.986348
26948.982102
26948.982102
26948.982102
26948.917213
26948.917213
26948.917213
26948.856046
26948.856046
26948.856046
26948.856046
26948.856046
26948.856046
26948.834279
26948.834279
26948.651078
26948.651078
26948.651078
26948.651078
26948.645921
26948.585619
26948.569337
26948.569337
26948.466376
26948.466376
26948.408366
26948.408366
26948.408366
26948.408366
26948.405205
26948.405205
26948.405167
26948.360913
26948.308486
26948.266062
26948.207289
26948.203339
26948.203339
26948.177563
26948.177563
26948.177563
26947.809130
26947.809130
26947.809130
26947.809130
26947.797290
26947.797290
26947.774305
26947.774305
26947.774305
26947.774305
26947.774305
26947.773575
26947.755259
26947.755259
26947.755259
26947.755259
26947.753558
26947.750561
26947.750561
26947.750561
26947.396892
26947.355715
26947.355715
26947.344262
26947.296066
26947.296066
26947.296066
26947.115415
26947.080644
26947.045079
26947.045079
26947.045079
26947.045079
26947.037477
26947.037477
26947.037477
26946.994018
26946.525114
26946.406721
26946.406721
26946.008966
26946.008966
26946.008966
26946.008966
26945.972358
26945.972358
26945.972358
26945.972358
26945.962653
26945.937475
26945.937475
26945.937475
26945.937475
26945.937475
26945.937475
26945.937475
26945.926935
26945.926935
26945.926935
26945.926935
26945.926696
26945.926696
26945.926696
26945.926696
26945.922380
26945.922000
26945.922000
26945.922000
26945.922000
26945.841861
26945.841861
26945.841861
26945.825019
26945.825019
26945.825019
26945.795248
26945.756976
26945.719665
26945.694683
26945.694683
26945.694683
26945.590151
26945.590151
26945.588745
26945.578835
26945.577207
26945.577207
26945.576230
26945.576230
26945.576230
26945.529107
26945.513298
26945.513298
26945.511210
26945.510988
26945.510988
26945.499467
26945.498386
26945.498386
26945.498386
26945.498386
26945.482820
26945.476359
26945.476359
26945.414348
26945.414348
26945.414348
26945.414348
26945.400556
26945.400556
26945.399431
26945.392623
26945.392623
26945.387768
26945.387768
26945.371385
26945.371385
26945.371385
26945.369021
26945.369021
26945.349002
26945.349002
26945.318605
26945.318605
26945.318605
26945.309434
26945.286435
26945.222839
26945.222839
26945.222839
26945.220166
26945.220166
26945.216273
26945.216273
26945.194278
26945.194278
26945.170004
26945.170004
26945.170004
26945.170004
26945.170004
26945.167136
26945.167136
26945.103038
26945.064158
26945.039231
26945.039231
26945.014435
26945.014435
26945.014079
26945.014079
26945.014079
26944.988085
26944.984687
26944.984687
26944.974082
26944.972241
26944.972241
26944.862458
26944.862458
26944.840321
26944.786319
26944.786319
26944.785566
26944.785566
26944.785566
26944.785566
26944.785566
26944.785566
26944.777394
26944.777394
26944.771694
26944.768187
26944.768187
26944.768187
26944.766291
26944.670676
26944.660966
26944.660966
26944.646241
26944.646241
26944.645538
26944.636673
26944.636673
26944.635268
26944.635268
26944.635268
26944.635268
26944.635268
26944.603576
26944.592589
26944.589916
26944.589916
26944.414243
26944.413498
26944.412414
26944.401511
26944.392845
26944.392199
26944.392199
26944.385093
26944.351211
26944.351211
26944.351211
26944.351211
26944.336540
26944.336540
26944.083596
26944.083596
26943.934257
26943.934257
26943.928031
26943.928031
26943.928031
26943.928031
26943.918463
26943.918463
26943.825127
26943.825127
26943.825127
26943.821691
26943.821691
26943.759952
26943.759952
26943.759952
26943.743649
26943.743649
26943.743649
26943.743649
26943.743649
26943.720322
26943.720322
26943.700236
26943.661593
26943.661593
26943.661593
26943.661593
26943.661593
26943.628117
26943.628117
26943.540509
26943.415100
26943.384052
26943.384052
26943.373646
26943.300050
26943.292716
26943.292716
26943.292716
26943.292716
26943.292716
26943.290215
26943.290215
26943.290215
26943.290215
26943.288645
26943.287796
26943.202103
26943.170491
26943.170491
26943.170375
26943.170375
26943.170375
26943.160300
26943.160300
26943.109773
26943.109773
26943.107971
26943.023363
26942.928173
26942.928173
26942.628137
26942.628137
26942.628137
26942.628137
26942.583056
26942.583056
26942.583056
26942.583056
26942.583056
26942.583056
26942.583056
26942.583056
26942.488116
26941.937679
26941.937679
26941.913405
26941.913405
26941.913405
26941.913405
26941.722979
26941.673704
26941.673704
26941.673704
26941.673704
26941.673704
26941.424583
26941.424583
26941.424583
26941.424583
26941.424583
26941.424583
26941.376582
26941.307432
26940.994094
26940.994094
26940.994094
26940.515035
26940.515035
26940.515035
26940.515035
26940.506856
26940.506856
26940.506856
26940.506856
26940.506856
26940.022905
26940.022905
26940.021250
26940.021250
26939.479980
26939.479980
26939.222871
26939.222871
26939.222871
26939.222871
26939.222871
26939.196183
26939.196183
26939.110373
26939.110373
26939.110373
26938.997497
26938.997497
26938.997497
26938.866921
26938.835091
26938.835091
26938.821666
26938.821666
26938.801789
26938.736129
26938.709768
26938.709768
26938.709768
26938.709768
26938.709768
26938.709768
26938.685463
26938.545500
26938.522689
26938.426790
26938.426790
26938.426790
26938.421471
26938.421471
26938.112791
26937.890913
26937.890913
26937.890913
26937.890913
26937.890913
26937.541176
26937.541176
26937.541176
26937.494117
26937.411229
26937.411229
26937.399558
26937.275299
26937.275299
26937.205181
26937.188019
26937.188019
26937.188019
26937.186940
26937.186940
26937.183951
26937.161815
26937.161815
26937.161815
26937.161815
26937.161815
26937.161815
26937.100992
26937.100992
26937.100992
26937.100992
26937.058680
26937.017881
26937.009915
26937.009915
26937.008778
26936.768796
26936.768796
26936.768796
26936.681252
26936.443904
26936.443904
26936.443904
26936.302633
26936.302633
26936.302633
26936.302633
26936.302633
26936.302633
26936.263590
26936.172288
